fi	fM	MHVR(fi-2)	MHVR(fi-1)	MHVR(fi)	MHVR(fi+1)	MHVR(fi+2)	AMR(fi-2)	AMR(fi-1)	AMR(fi)	AMR(fi+1)	AMR(fi+2)	pSAF
0.300	3.057	1.735	1.735	1.735	1.778	1.829	1.557	1.441	1.439	1.498	1.519	2.497
0.306	3.057	1.735	1.735	1.778	1.829	1.879	1.560	1.441	1.443	1.499	1.524	2.565
0.313	3.057	1.735	1.778	1.829	1.879	1.922	1.562	1.441	1.444	1.500	1.530	2.641
0.320	3.057	1.778	1.829	1.879	1.922	1.973	1.568	1.445	1.449	1.504	1.538	2.722
0.326	3.057	1.829	1.879	1.922	1.973	2.023	1.573	1.449	1.454	1.508	1.546	2.794
0.333	3.057	1.879	1.922	1.973	2.023	2.104	1.579	1.454	1.461	1.513	1.554	2.882
0.340	3.057	1.922	1.973	2.023	2.104	2.179	1.585	1.459	1.467	1.517	1.563	2.968
0.348	3.057	1.973	2.023	2.104	2.179	2.266	1.593	1.466	1.475	1.524	1.573	3.104
0.355	3.057	2.023	2.104	2.179	2.266	2.342	1.601	1.472	1.481	1.530	1.582	3.228
0.363	3.057	2.104	2.179	2.266	2.342	2.429	1.610	1.481	1.491	1.538	1.594	3.379
0.370	3.057	2.179	2.266	2.342	2.429	2.515	1.619	1.490	1.500	1.546	1.605	3.513
0.378	3.057	2.266	2.342	2.429	2.515	2.628	1.630	1.500	1.511	1.556	1.618	3.671
0.386	3.057	2.342	2.429	2.515	2.628	2.743	1.641	1.511	1.522	1.565	1.630	3.828
0.395	3.057	2.429	2.515	2.628	2.743	2.873	1.653	1.523	1.535	1.576	1.645	4.035
0.403	3.057	2.515	2.628	2.743	2.873	3.002	1.666	1.535	1.548	1.588	1.659	4.246
0.412	3.057	2.628	2.743	2.873	3.002	3.117	1.681	1.551	1.563	1.602	1.675	4.490
0.421	3.057	2.743	2.873	3.002	3.117	3.260	1.696	1.567	1.579	1.617	1.692	4.741
0.429	3.057	2.873	3.002	3.117	3.260	3.403	1.712	1.583	1.595	1.631	1.708	4.972
0.439	3.057	3.002	3.117	3.260	3.403	3.562	1.727	1.597	1.610	1.645	1.724	5.250
0.448	3.057	3.117	3.260	3.403	3.562	3.705	1.733	1.602	1.616	1.651	1.731	5.499
0.458	3.057	3.260	3.403	3.562	3.705	3.864	1.738	1.606	1.621	1.656	1.737	5.772
0.467	3.057	3.403	3.562	3.705	3.864	4.023	1.742	1.610	1.624	1.661	1.743	6.018
0.477	3.057	3.562	3.705	3.864	4.023	4.173	1.749	1.619	1.633	1.671	1.752	6.310
0.487	3.057	3.705	3.864	4.023	4.173	4.307	1.750	1.623	1.640	1.676	1.760	6.599
0.498	3.057	3.864	4.023	4.173	4.307	4.454	1.746	1.624	1.646	1.679	1.765	6.870
0.508	3.057	4.023	4.173	4.307	4.454	4.601	1.743	1.625	1.652	1.681	1.769	7.115
0.519	3.057	4.173	4.307	4.454	4.601	4.708	1.742	1.627	1.659	1.684	1.775	7.387
0.530	3.057	4.307	4.454	4.601	4.708	4.737	1.741	1.638	1.673	1.691	1.781	7.696
0.542	3.057	4.454	4.601	4.708	4.737	4.767	1.741	1.651	1.689	1.699	1.787	7.953
0.553	3.057	4.601	4.708	4.737	4.767	4.798	1.740	1.661	1.702	1.705	1.792	8.063
0.565	3.057	4.708	4.737	4.767	4.798	4.798	1.740	1.670	1.714	1.710	1.796	8.170
0.577	3.057	4.737	4.767	4.798	4.798	4.708	1.742	1.676	1.721	1.714	1.801	8.257
0.589	3.057	4.767	4.798	4.798	4.708	4.617	1.745	1.682	1.726	1.718	1.806	8.283
0.602	3.057	4.798	4.798	4.708	4.617	4.527	1.747	1.686	1.730	1.720	1.810	8.145
0.615	3.057	4.798	4.708	4.617	4.527	4.422	1.750	1.690	1.733	1.722	1.813	8.001
0.628	3.057	4.708	4.617	4.527	4.422	4.291	1.752	1.691	1.733	1.722	1.815	7.844
0.641	3.057	4.617	4.527	4.422	4.291	4.160	1.753	1.693	1.732	1.722	1.817	7.659
0.655	3.057	4.527	4.422	4.291	4.160	4.029	1.755	1.695	1.731	1.722	1.819	7.426
0.669	3.057	4.422	4.291	4.160	4.029	3.895	1.756	1.696	1.728	1.722	1.820	7.190
0.683	3.057	4.291	4.160	4.029	3.895	3.761	1.757	1.696	1.725	1.720	1.820	6.949
0.698	3.057	4.160	4.029	3.895	3.761	3.627	1.761	1.700	1.725	1.722	1.822	6.719
0.713	3.057	4.029	3.895	3.761	3.627	3.511	1.767	1.706	1.728	1.726	1.825	6.498
0.728	3.057	3.895	3.761	3.627	3.511	3.394	1.773	1.712	1.731	1.730	1.827	6.277
0.743	3.057	3.761	3.627	3.511	3.394	3.278	1.781	1.719	1.734	1.735	1.830	6.089
0.759	3.057	3.627	3.511	3.394	3.278	3.169	1.781	1.721	1.736	1.736	1.830	5.891
0.775	3.057	3.511	3.394	3.278	3.169	3.068	1.782	1.724	1.738	1.737	1.829	5.696
0.792	3.057	3.394	3.278	3.169	3.068	2.966	1.782	1.726	1.740	1.738	1.828	5.514
0.809	3.057	3.278	3.169	3.068	2.966	2.867	1.782	1.728	1.742	1.739	1.827	5.345
0.826	3.057	3.169	3.068	2.966	2.867	2.771	1.782	1.731	1.744	1.740	1.826	5.174
0.844	3.057	3.068	2.966	2.867	2.771	2.674	1.784	1.730	1.743	1.740	1.827	4.997
0.862	3.057	2.966	2.867	2.771	2.674	2.576	1.786	1.731	1.742	1.740	1.828	4.826
0.880	3.057	2.867	2.771	2.674	2.576	2.478	1.789	1.731	1.741	1.740	1.830	4.656
0.899	3.057	2.771	2.674	2.576	2.478	2.374	1.792	1.733	1.742	1.741	1.833	4.486
0.918	3.057	2.674	2.576	2.478	2.374	2.271	1.794	1.733	1.740	1.741	1.833	4.312
0.938	3.057	2.576	2.478	2.374	2.271	2.167	1.788	1.724	1.730	1.733	1.825	4.107
0.958	3.057	2.478	2.374	2.271	2.167	2.060	1.781	1.714	1.720	1.725	1.817	3.906
0.978	3.057	2.374	2.271	2.167	2.060	1.953	1.774	1.703	1.709	1.716	1.807	3.703
0.999	3.057	2.271	2.167	2.060	1.953	1.865	1.768	1.693	1.698	1.707	1.797	3.498
1.020	3.057	2.167	2.060	1.953	1.865	1.785	1.763	1.683	1.689	1.698	1.787	3.299
1.042	3.057	2.060	1.953	1.865	1.785	1.735	1.759	1.673	1.681	1.688	1.776	3.136
1.064	3.057	1.953	1.865	1.785	1.735	1.712	1.754	1.661	1.674	1.678	1.764	2.988
1.087	3.057	1.865	1.785	1.735	1.712	1.713	1.750	1.652	1.669	1.670	1.755	2.896
1.110	3.057	1.785	1.735	1.712	1.713	1.745	1.744	1.644	1.666	1.662	1.746	2.853
1.134	3.057	1.735	1.712	1.713	1.745	1.796	1.740	1.639	1.667	1.658	1.742	2.856
1.158	3.057	1.712	1.713	1.745	1.796	1.869	1.734	1.635	1.667	1.656	1.736	2.910
1.183	3.057	1.713	1.745	1.796	1.869	1.961	1.728	1.633	1.669	1.657	1.732	2.998
1.208	3.057	1.745	1.796	1.869	1.961	2.069	1.725	1.636	1.675	1.661	1.732	3.131
1.234	3.057	1.796	1.869	1.961	2.069	2.192	1.724	1.642	1.684	1.667	1.735	3.303
1.260	3.057	1.869	1.961	2.069	2.192	2.321	1.734	1.651	1.690	1.677	1.742	3.498
1.287	3.057	1.961	2.069	2.192	2.321	2.437	1.749	1.664	1.699	1.691	1.754	3.725
1.314	3.057	2.069	2.192	2.321	2.437	2.547	1.765	1.680	1.713	1.706	1.768	3.975
1.342	3.057	2.192	2.321	2.437	2.547	2.606	1.774	1.691	1.723	1.715	1.779	4.198
1.371	3.057	2.321	2.437	2.547	2.606	2.644	1.777	1.696	1.728	1.718	1.786	4.402
1.400	3.057	2.437	2.547	2.606	2.644	2.655	1.778	1.701	1.734	1.720	1.792	4.518
1.430	3.057	2.547	2.606	2.644	2.655	2.689	1.786	1.708	1.739	1.725	1.799	4.597
1.461	3.057	2.606	2.644	2.655	2.689	2.763	1.798	1.714	1.739	1.731	1.801	4.618
1.492	3.057	2.644	2.655	2.689	2.763	2.910	1.802	1.710	1.735	1.730	1.794	4.665
1.524	3.057	2.655	2.689	2.763	2.910	3.152	1.803	1.701	1.728	1.726	1.779	4.775
1.556	3.057	2.689	2.763	2.910	3.152	3.436	1.802	1.693	1.724	1.722	1.765	5.018
1.589	3.057	2.763	2.910	3.152	3.436	3.754	1.792	1.689	1.720	1.721	1.750	5.423
1.623	3.057	2.910	3.152	3.436	3.754	4.011	1.781	1.691	1.719	1.723	1.742	5.907
1.658	3.057	3.152	3.436	3.754	4.011	4.179	1.794	1.709	1.732	1.732	1.755	6.503
1.693	3.057	3.436	3.754	4.011	4.179	4.237	1.817	1.733	1.751	1.744	1.778	7.024
1.729	3.057	3.754	4.011	4.179	4.237	4.155	1.833	1.754	1.766	1.754	1.800	7.380
1.766	3.057	4.011	4.179	4.237	4.155	4.039	1.839	1.768	1.774	1.760	1.815	7.518
1.804	3.057	4.179	4.237	4.155	4.039	3.965	1.841	1.773	1.778	1.762	1.821	7.386
1.842	3.057	4.237	4.155	4.039	3.965	3.935	1.841	1.773	1.778	1.762	1.820	7.183
1.882	3.057	4.155	4.039	3.965	3.935	3.910	1.840	1.769	1.777	1.761	1.815	7.047
1.922	3.057	4.039	3.965	3.935	3.910	3.818	1.840	1.767	1.777	1.761	1.814	6.992
1.963	3.057	3.965	3.935	3.910	3.818	3.648	1.841	1.769	1.778	1.762	1.818	6.953
2.004	3.057	3.935	3.910	3.818	3.648	3.487	1.841	1.771	1.780	1.763	1.823	6.794
2.047	3.057	3.910	3.818	3.648	3.487	3.405	1.841	1.768	1.780	1.762	1.822	6.492
2.091	3.057	3.818	3.648	3.487	3.405	3.448	1.836	1.760	1.777	1.762	1.810	6.197
2.136	3.057	3.648	3.487	3.405	3.448	3.639	1.806	1.747	1.765	1.770	1.778	6.011
2.181	3.057	3.487	3.405	3.448	3.639	3.932	1.772	1.740	1.757	1.772	1.745	6.060
2.228	3.057	3.405	3.448	3.639	3.932	4.179	1.762	1.750	1.764	1.776	1.737	6.420
2.275	3.057	3.448	3.639	3.932	4.179	4.232	1.764	1.756	1.766	1.778	1.738	6.945
2.324	3.057	3.639	3.932	4.179	4.232	4.232	1.765	1.758	1.762	1.773	1.740	7.363
2.373	3.057	3.932	4.179	4.232	4.232	4.370	1.759	1.762	1.762	1.770	1.740	7.455
2.424	3.057	4.179	4.232	4.232	4.370	4.676	1.754	1.776	1.774	1.775	1.735	7.509
2.475	3.057	4.232	4.232	4.370	4.676	5.122	1.749	1.788	1.786	1.782	1.724	7.805
2.528	3.057	4.232	4.370	4.676	5.122	5.565	1.738	1.787	1.785	1.778	1.709	8.345
2.582	3.057	4.370	4.676	5.122	5.565	5.767	1.727	1.785	1.776	1.767	1.698	9.097
2.637	3.057	4.676	5.122	5.565	5.767	5.876	1.709	1.780	1.761	1.749	1.687	9.800
2.694	3.057	5.122	5.565	5.767	5.876	6.195	1.687	1.773	1.746	1.727	1.671	10.069
2.751	3.057	5.565	5.767	5.876	6.195	6.953	1.674	1.764	1.737	1.710	1.650	10.205
2.810	3.057	5.767	5.876	6.195	6.953	8.075	1.659	1.739	1.717	1.685	1.617	10.634
2.870	3.057	5.876	6.195	6.953	8.075	9.001	1.643	1.717	1.695	1.661	1.588	11.786
2.931	3.057	6.195	6.953	8.075	9.001	9.393	1.631	1.720	1.685	1.646	1.575	13.604
2.993	3.057	6.953	8.075	9.001	9.393	9.087	1.627	1.743	1.688	1.646	1.590	15.195
3.057	3.057	8.075	9.001	9.393	9.087	8.101	1.629	1.767	1.691	1.653	1.631	15.881
3.122	3.057	9.001	9.393	9.087	8.101	7.019	1.635	1.767	1.682	1.657	1.665	15.281
3.189	3.057	9.393	9.087	8.101	7.019	6.455	1.637	1.765	1.681	1.654	1.675	13.622
3.257	3.057	9.087	8.101	7.019	6.455	5.860	1.637	1.762	1.685	1.652	1.680	11.826
3.326	3.057	8.101	7.019	6.455	5.860	5.141	1.657	1.769	1.702	1.673	1.700	10.984
3.397	3.057	7.019	6.455	5.860	5.141	4.736	1.666	1.775	1.718	1.691	1.706	10.065
3.470	3.057	6.455	5.860	5.141	4.736	4.656	1.680	1.788	1.744	1.714	1.713	8.965
3.544	3.057	5.860	5.141	4.736	4.656	4.356	1.713	1.810	1.777	1.756	1.742	8.415
3.619	3.057	5.141	4.736	4.656	4.356	3.855	1.734	1.827	1.797	1.790	1.767	8.365
3.697	3.057	4.736	4.656	4.356	3.855	3.360	1.739	1.829	1.802	1.800	1.785	7.850
3.775	3.057	4.656	4.356	3.855	3.360	3.018	1.765	1.850	1.828	1.828	1.822	7.048
3.856	3.057	4.356	3.855	3.360	3.018	2.780	1.814	1.902	1.884	1.900	1.879	6.330
3.938	3.057	3.855	3.360	3.018	2.780	2.734	1.838	1.937	1.920	1.962	1.908	5.793
4.022	3.057	3.360	3.018	2.780	2.734	2.860	1.823	1.928	1.915	1.972	1.893	5.325
4.108	3.057	3.018	2.780	2.734	2.860	2.738	1.834	1.939	1.929	1.990	1.907	5.275
4.196	3.057	2.780	2.734	2.860	2.738	2.150	1.891	1.994	1.973	2.051	1.966	5.642
4.285	3.057	2.734	2.860	2.738	2.150	1.880	1.918	2.013	1.991	2.068	2.003	5.452
4.376	3.057	2.860	2.738	2.150	1.880	2.107	1.882	2.008	1.979	2.074	1.977	4.254
4.470	3.057	2.738	2.150	1.880	2.107	2.297	1.864	2.011	1.989	2.060	1.980	3.739
4.565	3.057	2.150	1.880	2.107	2.297	2.154	1.886	2.045	2.008	2.110	1.995	4.231
4.663	3.057	1.880	2.107	2.297	2.154	1.929	1.915	2.069	2.015	2.159	2.008	4.627
4.762	3.057	2.107	2.297	2.154	1.929	1.732	1.952	2.098	2.035	2.185	2.048	4.383
4.864	3.057	2.297	2.154	1.929	1.732	1.685	1.977	2.133	2.062	2.214	2.086	3.978
4.967	3.057	2.154	1.929	1.732	1.685	1.648	1.997	2.179	2.106	2.275	2.116	3.648
5.073	3.057	1.929	1.732	1.685	1.648	1.484	2.073	2.289	2.155	2.445	2.176	3.632
5.181	3.057	1.732	1.685	1.648	1.484	1.484	2.222	2.428	2.287	2.700	2.283	3.770
5.292	3.057	1.685	1.648	1.484	1.484	1.741	2.101	2.326	2.288	2.627	2.162	3.395
5.405	3.057	1.648	1.484	1.484	1.741	2.181	1.728	1.952	2.115	2.141	1.879	3.138
5.520	3.057	1.484	1.484	1.741	2.181	2.308	1.606	1.793	2.020	1.931	1.784	3.517
5.638	3.057	1.484	1.741	2.181	2.308	2.324	1.665	1.789	1.984	1.952	1.821	4.328
5.758	3.057	1.741	2.181	2.308	2.324	2.058	1.751	1.869	1.943	2.014	1.884	4.483
5.881	3.057	2.181	2.308	2.324	2.058	1.686	1.887	2.033	2.011	2.103	2.021	4.673
6.006	3.057	2.308	2.324	2.058	1.686	1.235	2.123	2.263	2.192	2.347	2.259	4.511
6.134	3.057	2.324	2.058	1.686	1.235	0.989	2.684	2.704	2.520	2.953	2.686	4.248
6.265	3.057	2.058	1.686	1.235	0.989	1.030	3.367	3.299	3.101	3.662	3.225	3.829
6.399	3.057	1.686	1.235	0.989	1.030	0.914	3.955	3.743	3.598	4.135	3.684	3.559
6.535	3.057	1.235	0.989	1.030	0.914	0.693	4.750	4.283	4.093	4.781	4.241	4.216
6.675	3.057	0.989	1.030	0.914	0.693	0.610	5.487	4.756	4.463	5.327	4.699	4.079
6.817	3.057	1.030	0.914	0.693	0.610	0.591	5.881	5.044	4.691	5.607	4.949	3.251
6.962	3.057	0.914	0.693	0.610	0.591	0.558	6.289	5.331	4.989	5.919	5.221	3.043
7.111	3.057	0.693	0.610	0.591	0.558	0.482	6.747	5.612	5.311	6.281	5.500	3.139
7.263	3.057	0.610	0.591	0.558	0.482	0.645	6.667	5.572	5.413	6.160	5.435	3.020
7.418	3.057	0.591	0.558	0.482	0.645	0.631	6.540	5.514	5.413	6.044	5.378	2.609
7.576	3.057	0.558	0.482	0.645	0.631	0.555	6.706	5.607	5.425	6.219	5.472	3.499
7.737	3.057	0.482	0.645	0.631	0.555	0.612	6.623	5.532	5.419	6.108	5.392	3.419
7.902	3.057	0.645	0.631	0.555	0.612	0.632	6.384	5.417	5.256	5.903	5.276	2.917
8.071	3.057	0.631	0.555	0.612	0.632	0.715	6.236	5.334	5.224	5.762	5.187	3.197
8.243	3.057	0.555	0.612	0.632	0.715	0.801	5.942	5.142	5.138	5.473	4.989	3.247
8.419	3.057	0.612	0.632	0.715	0.801	0.937	5.442	4.826	4.862	5.023	4.663	3.476
8.598	3.057	0.632	0.715	0.801	0.937	0.914	5.170	4.639	4.648	4.810	4.468	3.723
8.782	3.057	0.715	0.801	0.937	0.914	0.884	5.056	4.551	4.462	4.734	4.381	4.181
8.969	3.057	0.801	0.937	0.914	0.884	0.818	5.020	4.523	4.374	4.711	4.357	3.998
9.160	3.057	0.937	0.914	0.884	0.818	0.885	4.851	4.433	4.278	4.534	4.260	3.782
9.356	3.057	0.914	0.884	0.818	0.885	0.833	4.897	4.478	4.335	4.558	4.307	3.546
9.555	3.057	0.884	0.818	0.885	0.833	0.897	4.850	4.453	4.347	4.482	4.281	3.847
9.759	3.057	0.818	0.885	0.833	0.897	0.915	4.707	4.362	4.330	4.307	4.201	3.607
9.967	3.057	0.885	0.833	0.897	0.915	0.915	4.610	4.308	4.246	4.222	4.147	3.808
10.000	3.057	0.833	0.897	0.915	0.915	0.915	4.611	4.295	4.242	4.224	4.132	3.882
