(16, 16)
0.024463234469294548
0.4409063160419464
-0.043132245540618896
0.36457470059394836
0.176036536693573
-0.1569795310497284
0.23891565203666687
0.09403427690267563
-0.01567818783223629
-0.011500712484121323
0.04069941118359566
0.041475825011730194
0.09953757375478745
0.02915424481034279
-0.0463952012360096
0.03538987785577774
0.15497973561286926
0.6026912331581116
-0.1913277953863144
0.22028352320194244
-0.0650826171040535
-0.04488591477274895
0.009071790613234043
0.08764044940471649
0.07069756835699081
0.08841567486524582
0.006411496549844742
0.1220761239528656
0.03240590542554855
0.37636253237724304
-0.11714201420545578
-0.06451444327831268
0.489890456199646
0.726725697517395
-0.0776004046201706
0.15470238029956818
-0.3465897738933563
-0.17662353813648224
0.1037554144859314
0.2829597294330597
-0.1504819244146347
0.03213225305080414
0.08142165839672089
-0.16604453325271606
0.26174888014793396
0.008474205620586872
-0.21832425892353058
-0.026976604014635086
0.08122856914997101
0.8272159099578857
0.1544460654258728
0.10364636033773422
-0.23995724320411682
0.0448119081556797
-0.20525430142879486
-0.12534412741661072
0.030815936625003815
0.022150440141558647
0.13265840709209442
-0.07685251533985138
0.3325476348400116
0.10902070254087448
-0.2804948389530182
0.11386794596910477
-0.2982063293457031
0.09105831384658813
-0.09543944895267487
0.09087537974119186
-0.15956567227840424
-0.1454034298658371
-0.15675747394561768
-0.4603646993637085
0.20689953863620758
-0.39833876490592957
-0.16838783025741577
0.18461793661117554
-0.05646389350295067
0.5500266551971436
-0.2999846935272217
-0.010534384287893772
-0.20696668326854706
-0.8322997093200684
-0.018738051876425743
-0.09406089037656784
-0.044623296707868576
0.022005558013916016
0.42315900325775146
0.33958882093429565
-0.010226931422948837
-0.0815371721982956
0.061391010880470276
-0.0981970727443695
-0.25177887082099915
-0.5141699314117432
0.2763494551181793
-0.17167063057422638
-0.025858264416456223
-0.13301576673984528
0.3845484256744385
0.0872144028544426
0.14546647667884827
-0.3616214394569397
-0.01638306863605976
0.0195440873503685
-0.1171780377626419
-0.2001255303621292
0.46933722496032715
-0.33629557490348816
-0.39775675535202026
-0.24321895837783813
0.012933983467519283
0.2194167524576187
-0.6655554175376892
-0.32365134358406067
0.4329288601875305
0.16888579726219177
-0.27837303280830383
0.15328745543956757
-0.5885624289512634
0.01445758156478405
-0.2970161736011505
-0.036672476679086685
-0.052084892988204956
0.42616915702819824
0.19645896553993225
-0.34004321694374084
0.3610001504421234
-0.5554078817367554
-0.14565356075763702
-0.16860252618789673
0.02373739704489708
0.11500760912895203
-0.11163097620010376
-0.4554539620876312
0.29714229702949524
0.2210560441017151
-0.24196268618106842
-0.6995209455490112
0.14939910173416138
-0.18039198219776154
-0.1411321759223938
-0.12061011046171188
0.20500728487968445
0.1040329858660698
0.12641641497612
0.2890321910381317
-0.279634565114975
0.10645458102226257
-0.3020584285259247
-0.03342175483703613
-0.21576888859272003
-0.02848239801824093
-0.2157478928565979
0.09705883264541626
-0.03603720664978027
0.5377165675163269
0.16684523224830627
0.7405712604522705
-0.045844804495573044
-0.41034188866615295
0.48377755284309387
0.9089528322219849
0.11663509160280228
-0.02814813144505024
0.16044119000434875
-0.06395275145769119
-0.2913990318775177
0.286623477935791
-0.10670408606529236
0.09427597373723984
0.08506219834089279
-0.016275636851787567
0.2895059883594513
0.04595855996012688
-0.2665545642375946
0.37682536244392395
0.1915757805109024
0.40117010474205017
-0.11631157994270325
0.1984323114156723
0.4420212507247925
-0.051995061337947845
-0.033879637718200684
0.054530974477529526
0.01558005716651678
0.0852205827832222
-0.15513230860233307
0.38898876309394836
0.13576345145702362
0.7676625847816467
-0.043038442730903625
0.026089193299412727
0.14268581569194794
0.10328362137079239
-0.07833980023860931
0.09869910031557083
0.15610620379447937
-0.4418817162513733
0.15075154602527618
0.24731507897377014
-0.18758349120616913
-0.19827869534492493
0.1369294375181198
-0.24581928551197052
-0.0956231951713562
-0.28152862191200256
0.10829383134841919
0.04967460408806801
-0.15069259703159332
-0.8037826418876648
0.0810597613453865
-0.03917943313717842
-0.3923022449016571
-0.040415208786726
0.00022541312500834465
0.34744393825531006
-0.1208132803440094
-0.05922265723347664
0.07479073107242584
-0.06137461960315704
-0.24031762778759003
-0.38162100315093994
-0.3153417110443115
-0.08115828037261963
-0.1364009976387024
0.4424620270729065
-0.2404884397983551
0.3388652801513672
0.21446378529071808
-0.05340702086687088
-0.07788516581058502
-0.249955415725708
0.02272588014602661
0.048349861055612564
-0.011413088999688625
0.5238786339759827
0.10937528312206268
0.7697468996047974
-0.10226123034954071
-0.3358665108680725
0.30124378204345703
-0.09245537221431732
-0.3817165195941925
-0.1005118265748024
-0.38022568821907043
0.0982293039560318
0.04662545025348663
0.08755625039339066
0.1064404845237732
0.047340843826532364
0.25388747453689575
0.5199925303459167
-0.1054062470793724
0.4707164764404297
-0.08238378912210464
-0.18963931500911713