(7, 16)
0.2332138568162918
0.20079050958156586
0.021359775215387344
0.40375852584838867
1.0032342672348022
-0.27723968029022217
-0.2817957401275635
0.018798362463712692
-0.4665774405002594
0.4233089089393616
0.0989266112446785
0.4230354428291321
-0.30057767033576965
-0.2246839851140976
0.377155065536499
0.12462716549634933
-0.01213753316551447
-0.21964004635810852
-0.007712847553193569
-0.25553733110427856
-0.6509775519371033
0.27475041151046753
0.2597277760505676
0.06110454723238945
0.4037845730781555
-0.3081228733062744
-0.0733620673418045
-0.2918688654899597
0.3377830684185028
0.24930009245872498
-0.29422688484191895
-0.13074809312820435
-0.484280526638031
-0.6162689328193665
-0.07193126529455185
-0.27521663904190063
0.24730604887008667
0.4004611372947693
-0.07330299913883209
-0.1403418332338333
-0.17101775109767914
-0.42686349153518677
-0.3962428867816925
0.38851335644721985
-0.22725163400173187
-0.025538809597492218
-0.3370482325553894
0.18368564546108246
-0.7130189538002014
-0.13780757784843445
-0.2616720199584961
-0.20373767614364624
-0.21427425742149353
-0.27490246295928955
-0.05599910393357277
0.08277704566717148
0.03477313369512558
0.07289958000183105
-0.1355905830860138
-0.24385952949523926
-0.33431318402290344
-0.030631840229034424
-0.2260671705007553
-0.5407105088233948
-0.2760997414588928
-0.2533302903175354
-0.5469684600830078
-0.18570351600646973
-0.34133949875831604
0.07970180362462997
0.003077115397900343
0.05084439367055893
0.2595040500164032
-0.42450305819511414
0.04993314668536186
-0.31567856669425964
-0.49291810393333435
-0.11125809699296951
-0.12627732753753662
-0.06428516656160355
-0.6726738810539246
0.08262542635202408
-0.02599176950752735
-0.7200202345848083
0.25882241129875183
0.6154857873916626
0.19053766131401062
-0.013604830019176006
-0.2644041180610657
0.18479479849338531
-0.21015523374080658
0.2500177323818207
-0.17169161140918732
0.30799195170402527
0.026798084378242493
0.08676164597272873
-0.3876360356807709
0.3263789415359497
-0.20355215668678284
-0.26211991906166077
0.34601306915283203
-0.28398817777633667
-0.36767736077308655
0.281565397977829
-0.2138931304216385
0.4326093792915344
-0.3100663721561432
-0.2838404178619385
0.30953431129455566
0.4243546426296234
0.4619835913181305
0.15476040542125702