(16, 16)
-0.10554911941289902
-0.10592135787010193
0.11954139173030853
-0.15105074644088745
0.1011296734213829
0.04765201732516289
-0.06794608384370804
-0.11766799539327621
0.18460479378700256
-0.005831639748066664
0.05277441814541817
0.3435473144054413
-0.251994788646698
0.09371375292539597
-0.4586307108402252
-0.20402982831001282
-0.09629840403795242
-0.4917488098144531
-0.3087761104106903
0.03465837240219116
0.3617313802242279
0.08388063311576843
0.020399993285536766
-0.15316662192344666
-0.20626042783260345
-0.463396817445755
0.4424646496772766
0.31385764479637146
-0.035694461315870285
0.21695709228515625
0.06298095732927322
0.0842248946428299
-0.13315385580062866
0.0036500263959169388
0.4844186007976532
0.02789931371808052
-0.34424832463264465
-0.1646556407213211
-0.422090619802475
-0.38926875591278076
-0.011572123505175114
-0.19740459322929382
-0.3929445147514343
0.12921951711177826
0.07530485838651657
-0.28059419989585876
0.32225218415260315
0.13558389246463776
0.1323453187942505
-0.18046078085899353
0.43869638442993164
0.3722687363624573
0.17966501414775848
0.045918893069028854
0.014888164587318897
0.26949068903923035
0.05590387433767319
0.2688966393470764
0.2507992088794708
-0.4956534206867218
-0.0147068677470088
0.2725258469581604
-0.31661680340766907
-0.12350232154130936
0.014608369208872318
0.047040462493896484
0.007379122078418732
0.11217492073774338
0.02700149640440941
-0.007868442684412003
0.042918115854263306
-0.1807943433523178
0.017843415960669518
-0.06485043466091156
0.1277005672454834
0.060309551656246185
0.18352143466472626
-0.09804606437683105
0.3604494035243988
0.0957791656255722
-0.3071362376213074
0.01610816828906536
-0.2579926550388336
0.0636591836810112
0.37411609292030334
0.09197220206260681
-0.25561392307281494
0.3067331910133362
-0.275253564119339
-0.5454492568969727
-0.06874942034482956
-0.20934301614761353
0.019739551469683647
0.1263686716556549
0.053449373692274094
0.20576933026313782
-0.3342209756374359
0.5871574282646179
-0.2882690131664276
-0.09913270175457001
-0.35117003321647644
-0.06979597359895706
-0.2974871098995209
-0.0951945036649704
-0.10310713946819305
-0.1272357851266861
0.4736335575580597
0.17081548273563385
0.2935105264186859
-0.31265515089035034
0.3256019651889801
-0.00806302297860384
0.1321612447500229
0.249768927693367
-0.11116421222686768
-0.00925729051232338
0.003948960453271866
-0.24926549196243286
0.3030094504356384
0.03974693641066551
-0.1503334492444992
0.03566153720021248
-0.12853838503360748
0.03538503870368004
0.17425772547721863
0.13998772203922272
0.5110318064689636
0.17039068043231964
0.20463153719902039
-0.06148257851600647
-0.21931295096874237
-0.2537844181060791
0.46192666888237
-0.35146480798721313
0.6633635759353638
0.600092351436615
-0.055491853505373
-0.09244231879711151
-0.551573634147644
-0.5430946350097656
-0.14406193792819977
0.27152717113494873
-0.04393777623772621
0.2789422571659088
-0.08066830039024353
-0.45910170674324036
-0.21886473894119263
-0.04920656234025955
0.39017990231513977
0.2341545671224594
0.4269474744796753
0.6501684188842773
0.12023987621068954
-0.21099065244197845
-0.5740434527397156
-0.3555116057395935
0.08420927822589874
-0.10924938321113586
0.23770079016685486
0.2457589954137802
-0.6182540655136108
0.1813645213842392
-0.32433903217315674
0.11782491207122803
0.049420103430747986
-0.06157410144805908
-0.8191694021224976
-0.739550769329071
-0.14420533180236816
-0.04976089298725128
0.10729145258665085
0.07003278285264969
0.020666560158133507
-0.15668119490146637
0.15355435013771057
0.14670969545841217
0.03727193921804428
-0.20001016557216644
-0.020335603505373
-0.558903157711029
0.23495140671730042
-0.04722532629966736
0.40796056389808655
0.2365807294845581
0.2319033443927765
-0.021706746891140938
-0.1429026573896408
0.4407859742641449
-0.5254488587379456
0.4733816683292389
-0.7347415089607239
-0.14687755703926086
0.7091222405433655
0.060290489345788956
0.03144766390323639
-0.5465652942657471
0.19518627226352692
0.04379983991384506
0.4284757375717163
0.3587753176689148
0.1976201981306076
0.2223331481218338
-0.04631626605987549
-0.5523552894592285
0.14067496359348297
0.10864796489477158
0.029908137395977974
-0.05785353481769562
-0.1714659035205841
-0.5432091951370239
-0.18119411170482635
0.372027188539505
-0.4549108147621155
-0.14309653639793396
-0.11037536710500717
0.3202284276485443
-0.2507219910621643
-0.16561385989189148
0.04283246025443077
0.23434172570705414
-0.21502888202667236
-0.28100335597991943
-0.13670124113559723
0.10857385396957397
0.0832740068435669
-0.05445946007966995
0.09062344580888748
-0.04189543053507805
0.09681221842765808
0.016065973788499832
-0.21531283855438232
-0.025013890117406845
-0.21637548506259918
0.11232642829418182
-0.3378714919090271
-0.12062627822160721
-0.20270195603370667
0.0023634477984160185
-0.3312458395957947
-0.09076505899429321
0.054601579904556274
0.0019643029663711786
-0.5517219305038452
-0.12432709336280823
0.09885601699352264
0.2613653540611267
-0.10235696285963058
0.0006884853355586529
0.1167970821261406
0.12355784326791763
0.3680758476257324
-0.2093057483434677
0.13768714666366577
-0.17996416985988617
-0.10059379041194916
-0.12060533463954926