(16, 16)
-0.004881399683654308
-0.15763530135154724
-0.2236841320991516
0.5387126207351685
0.05350380390882492
-0.1337854266166687
0.027314646169543266
-0.3430494964122772
-0.06422657519578934
-0.17447887361049652
-0.04170741140842438
0.19188037514686584
-0.35060548782348633
0.010605879127979279
0.13379862904548645
0.35599830746650696
0.143192321062088
0.28496816754341125
0.1608373075723648
-0.1793743520975113
-0.2589278221130371
-0.12989196181297302
0.3272198736667633
-0.07592348009347916
0.01802307553589344
0.1543031632900238
0.0854201689362526
-0.5606288313865662
-0.03420885652303696
0.12362820655107498
0.07649622857570648
0.06369588524103165
-0.03221920132637024
-0.4296416938304901
-0.14886106550693512
-0.08746602386236191
-0.18849942088127136
-0.1928546130657196
-0.08667440712451935
0.3465835750102997
-0.29172295331954956
-0.5550512671470642
-0.23737896978855133
0.2565174698829651
-0.10331355780363083
0.018137963488698006
-0.4365708827972412
-0.16501984000205994
-0.507977306842804
-0.3475699722766876
0.34623265266418457
0.08151412010192871
-0.2928732931613922
0.13744580745697021
0.26677656173706055
0.44012126326560974
0.02512397989630699
0.26141268014907837
0.08721501380205154
0.2105425000190735
-0.011627648025751114
-0.6750924587249756
0.5898400545120239
-0.33101221919059753
-0.2353871911764145
0.6784167289733887
0.13319335877895355
-0.07165243476629257
-0.3080769181251526
-0.21612025797367096
-0.25510653853416443
0.30152127146720886
-0.13102507591247559
-0.09807659685611725
0.047337617725133896
0.3165225684642792
-0.27422159910202026
-0.3039464056491852
-0.19346760213375092
0.31570935249328613
-0.12620718777179718
0.5834213495254517
0.38429802656173706
-0.39979463815689087
0.3782665431499481
0.4028628170490265
-0.19940830767154694
0.30760499835014343
-0.21449388563632965
0.07347556948661804
0.5241846442222595
0.01232125610113144
-0.06557032465934753
-0.10862843692302704
0.28225061297416687
-0.09137806296348572
-0.10869935899972916
0.03499339893460274
-0.0558113195002079
0.18546952307224274
-0.355373352766037
-0.1970551460981369
-0.3063203692436218
0.07475303113460541
0.051155172288417816
0.04211355373263359
-0.2589170038700104
-0.3243255317211151
-0.34113073348999023
-0.24861544370651245
0.5514113306999207
-0.5109909772872925
-0.14305944740772247
-0.150640070438385
-0.014714259654283524
0.06107161194086075
-0.38380372524261475
-0.15264388918876648
0.28695014119148254
0.18464285135269165
-0.2777785360813141
-0.02033025398850441
-0.24456241726875305
0.007221806328743696
-0.49761930108070374
0.16736643016338348
0.09054920822381973
-0.32430365681648254
0.24528062343597412
0.5917969942092896
-0.18624664843082428
0.2143096774816513
0.2813493311405182
-0.4984784424304962
0.24792329967021942
-0.739585816860199
-0.28671228885650635
-0.03476811572909355
0.2878219485282898
0.1098080575466156
0.07679640501737595
-0.3435882031917572
-0.08256340026855469
-0.004309242125600576
0.6190202236175537
0.13799722492694855
-0.24894212186336517
0.08475101739168167
-0.22069339454174042
-0.03394876420497894
0.001929284306243062
-0.6141267418861389
-0.17735061049461365
-0.2014697790145874
-0.23672597110271454
0.041609812527894974
0.2554298937320709
-0.09550527483224869
0.024354541674256325
-0.41169536113739014
-0.01057826355099678
-0.20550648868083954
0.3720031678676605
-0.15237613022327423
-0.3520274758338928
-0.03702427074313164
-0.03356819227337837
0.1332952082157135
0.03911042958498001
0.4898267686367035
0.06101163476705551
-0.18862250447273254
0.4043644964694977
-0.6750220656394958
0.08222342282533646
-0.25109490752220154
0.2833409905433655
0.03926986828446388
0.09633175283670425
-0.18762275576591492
0.08655866235494614
-0.00021719768119510263
0.05421607196331024
0.09626112878322601
-0.2643829882144928
0.048093490302562714
0.019172504544258118
0.051279690116643906
0.2334325611591339
-0.16227899491786957
0.196232408285141
0.2560507655143738
-0.08892128616571426
0.4897947907447815
-0.16323226690292358
0.01810131035745144
0.07145126909017563
-0.059288423508405685
-0.12738412618637085
-0.132318377494812
-0.20458999276161194
0.0057721929624676704
0.2082974761724472
0.5887817740440369
0.28686630725860596
-0.1191239282488823
0.12770290672779083
0.20078274607658386
-0.0932425707578659
0.09105856716632843
-0.09510650485754013
0.2866579592227936
-0.19923949241638184
-0.04144798591732979
0.05627619847655296
-0.1751805990934372
-0.15375356376171112
-0.1670498102903366
0.13965606689453125
0.4274378716945648
0.0738106295466423
-0.09312771260738373
0.13981100916862488
-0.09267384558916092
-0.07966338098049164
0.050350163131952286
-0.5783467888832092
-0.26322290301322937
-0.009296350181102753
-0.42875802516937256
-0.16472703218460083
-0.13045291602611542
-0.42666080594062805
-0.20239055156707764
0.004744368139654398
0.04020817577838898
0.20416778326034546
0.05337503179907799
0.04816063866019249
-0.04167460277676582
0.0672832503914833
0.014062963426113129
0.07042471319437027
0.2370479851961136
-0.050792329013347626
0.2325390726327896
0.19993895292282104
-0.029555145651102066
-0.15078410506248474
-0.25989067554473877
-0.05149903893470764
-0.2279377579689026
-0.04109370708465576
-0.10534210503101349
-0.03423052653670311
-0.34810370206832886