(16, 5)
0.12371323257684708
-0.3893912136554718
-0.21595498919487
-0.32656189799308777
-0.18138182163238525
-0.35803061723709106
0.11561361700296402
-0.22713689506053925
-0.08286452293395996
-0.28833866119384766
-0.16677603125572205
0.27575069665908813
0.43850624561309814
0.08691765367984772
-0.19407185912132263
0.5631416440010071
-0.28832289576530457
-0.534865140914917
0.8199467658996582
-0.188128262758255
-0.37968215346336365
-0.19304339587688446
0.18744876980781555
-0.17745234072208405
-0.175525963306427
0.6890883445739746
-0.028370806947350502
-0.24554836750030518
0.416624516248703
0.4897720217704773
-0.25995779037475586
-0.36286845803260803
0.2844286262989044
-0.5419239401817322
-0.3837166130542755
0.466916561126709
0.1875249147415161
0.049109578132629395
0.3142662048339844
0.11568612605333328
-0.38025927543640137
0.3937389552593231
0.3507332503795624
0.11753694713115692
-0.00941835343837738
0.6776357889175415
-0.018312502652406693
0.01399258803576231
0.09756066650152206
0.5604853630065918
0.6885387301445007
-0.040216024965047836
0.24391783773899078
-0.2050779014825821
0.23823034763336182
-0.23209749162197113
-0.362193763256073
0.47385174036026
-0.24818556010723114
-0.21877442300319672
0.12479891628026962
0.2923647463321686
0.225212961435318
0.7051860094070435
0.11070665717124939
0.27885451912879944
0.10717979818582535
0.3820996880531311
0.15247255563735962
0.32420095801353455
-0.4054933190345764
0.04962632805109024
0.37178200483322144
-0.07800121605396271
-0.03684151917695999
0.15281370282173157
0.10200776904821396
-0.17151716351509094
0.48450368642807007
-0.13700635731220245